765824728960221184
765428527246016512
771422337842216960
769322665278357504
765960879510536192
764710225565679616
770871133159473152
767064626463735808
767956239519006720
771417215964692480
765945126440828928
767156113864097792
767117222835601408
769734947901685761
765965757055172608
767250173797793792
766760914094587904
766426156722421760
765950213642944512
767241449114927104
767941152911523840
767778574846558208
765961236918796288
767874321133748224
766761416241840128
766422543872802816
765945402645168128
767240860424339456
766441705122742272
767950349779828736
767240588123832320
767963916719489024
775023502471397376
766451303123746816
767150805883158528
765959224130961409
767962326714499072
771416818555502592
766437903254618112
770870027564007424
766451458761719808
767959405169934336
767164957237346304
765075289875349504
765963213085999104
767140417150009344
771411534120435712
766235219274743808
766766064514252800
766428082780487680
765966209348927488
766417913109413889
767947831751344128
766961086266294272
768880763634597888
767145372186443776
767960817759109120
767154042265878528
765177606279725057
774938772469104640
766791059461324800
765945004322652160
766065602195587072
766756311069310976
771408948102299648
765945797548310528
767246598770229248
770871777887928320
767239394717548544
766443770927513600
765435003198980096
766432365175341056
770877742680014848
767204996494262272
770945113451053056
767950463243042816
765945202906152960
766748358294536192
766442433975402496
767961038799962112
767962705795645440
766754263592501248
771415988513243136
767330549866086400
771418081233895424
771150023384858624
765955213626638336
765959876404035584
765950782230118400
767962118074007552
767962791937212416
771422061403029504
767669307355348992
770863840943554560
766391268238589952
765809132573982720
767947864398839808
770870005634072576
774310167306256384
766177014702030848
770864355680075776
771394640934010880
765114419808206848
766427007905071104
770242777162383360
766428452636311552
767967967941181440
767400720467181568
775026677816360960
766424795790311425
766430071179362304
770865002789961728
767948030014095360
767930971204042752
767966697501212672
767962459743141888
767248240690298880
765962675514703872
774802536717795328
766145388202835968
767232225521647616
767963353386762240
765523816630878208
766677964376211456
774967281500422145
767942535554449408
767955909793234944
765581277722263552
765971148354863104
767153002258857984
766428880295936000
766448265696886784
766970005951807488
765945143940481024
771431995489353728
766157210766163968
765945394353061888
766419941182291968
767236974252883968
773311759615426560
765966466988359680
767198021733793792
765961686061563904
766443370788814848
767955579191934976
767236020870742016
765967655027032064
766433013818130432
765945307638956032
766883520848216064
766436080642834432
766429718479323136
765888899404939264
771392605090136064
770861356144574464
770873934327447552
766771079272349696
767947873859043328
766870587249491968
766757830902611968
767963984865427456
768880501065990144
766432780796248064
766761121422163968
765945756355100672
775018945134657536
770865930926538752
765973306743652352
771393374998626304
765958794067017728
765957546569760768
767959916696748032
770873106364596224
767931330785918976
766657923240919040
774939506517458944
766200299474108416
767227654073090048
766502913460895744
771239975167590400
771453567810846720
765945458330910720
769763904591200256
767239416616009728
771396955204091904
774587440642048000
766433048324603904
765969450734354432
766429509560975360
765957534135762944
770871041000079360
766145287027867648
765954348723355648
766431971879616513
771396760375574528
765953114142539776
765946362043973632
766412863132893184
767194290462113792
765945181271883776
766685179678949376
766441770088284160
767566291500515328
767957090036842496
766398978993586176
771036609104756736
774200938965647360
767936865840054272
767955589812862976
766943923311706112
765945428714881024
765945376319668224
764612904594161664
766768517030789120
765945091146858496
765862440570372096
766437832382464000
766754363254407168
766604626002837504
770873982714036224
767433700369629184
766776609773617152
767156598144630784
765969458596610049
765953661081927680
767948845505216512
765945320163229696
766428660697841664
766758209557069824
767155424789184512
766752724808237056
771453054100930560
767965750604562432
770868055950721024
765944968184561664
767247291594817536
770864419146203136
766738480962338816
774954168030986240
766745010086510592
765338092368429056
766433572472111104
766424622178631680
765945054438277120
767152974146535424
771415157320695808
766442511606644736
766765021344743424
766447541491564544
765562633460023296
767951658816765952
767961661510402048
767159899920760832
765963628466831360
765945844747862016
766759629625704448
766435251374391296
767948386417639424
765945313186004992
770878542831665152
766448660073594880
765946291137249280
766441510026854400
767128376264785920
770869268589035520
770874422257221632
766421768499052544
765967832357928960
767955928878333952
767963319091986432
765945351267057664
767045073808621568
765963887108554752
766761459604652032
766429521567236096
765489202680987648
767245697183629312
770962409522397184
769455233576370176
764980706453733376
767967864861917184
766969949824614400
766394770619809793
766426011244101632
766974618821132288
771442758161514496
767921821320380416
767964706372812800
766432958646272000
765972382561304576
765957221510234112
766754328717459456
767958150028640256
765967554826092545
767105234692718592
765951733141831680
767416552928821248
768696051739901952
771433459708313600
767165317528076288
766436347293614080
767129381971886080
765968709478154240
771406367881871361
771423314899058688
767967622700662784
767958658958163968
767950182472089600
770876467324305408
764818373726076928
765873803273322496
765945432656461824
771447002558054400
774755342176387072
767231134668062720
765945299302858752
767947986057756672
766765714892783616
766754387846742016
771591370170318848
771418504052244480
766756504878596096
767935158220374016
765945837247447040
771432827823751168
765469467722629120
766767924878999552
767949631858589696
770871206999162880
771134486512631808
765872272787603456
767597267831128064
771417719246553088
771240647478951936
766431209049948160
766752205625802752
766437921302659072
765945075943522304
771397842121146368
774404655408152576
771453869985234944
765962260173783040
766439697513955328
765261864984772608
766433439471878144
767948014174240768
770752043359059968
771935618936848384
765947984167960576
771384829729177600
765958836256423936
767947994359300096
767949423615557632
767329468609183744
766439743142690816
767949382934003712
765945022166237184
767153546956341248
767020223526223872
769799716171071488
765967095708172288
766754372460871680
766381099596267520
765945218108391424
769324079575597056
766432908401623040
766424469784952832
767948119787847680
766833461886631936
771448754856443904
771221697096548353
765945154392702976
766771460475928576
767961181704044544
766756411948597248
770398345307029504
767164255084707840
770866976783564800
767955842008023040
766686928653434880
767948023371284480
774199578082885632
766435832839159808
767241570602958848
766846304998637568
766432803852271616
767958328351621120
767949444869193728
765955719766917120
767962039069147136
770869883935277056
767948935094566912
767776614220267520
765945436387328000
766235193150406657
771408841935060992
767409818046791680
766759470339702784
770866838287548416
767959524656250880
767948000903512064
767243062344826880
767963226537443328
767236383713738752
765945061996429312
769749034635231232
770862490769915904
767958948296966144
765498684765077504
766447020679610368
767958328891572224
770864378710048768
766053897297068032
767508097524760576
771389023948292096
766609060319592449
767962357513224192
765951589472141312
770864727531356160
765945741050101760
767167886795145216
770866248230797312
765951997803364352
771419804428075008
771357285619564544
767252374687547392
766760168958689280
769749033139011584
767920266487775232
766767349223358464
765889867341283328
771505874601656320
765079725716766720
765945389271646208
766764452194500608
770872354684502016
766681013013397504
770772645042159616
767240758653779968
770862302703599616
766754295736631296
765944997400969216
769612294997032960
767951722422403072
767947916979650560
767947817584148480
766969987443408896
768076881454137344
771144134303023104
765957842852315136
766756432090726400
766430032990191616
767247194740948992
771034421552873472
770863396924047360
767963302709100544
767949633603436544
771306129457299456
771432454262325248
767258384097574912
767230507010424832
766769662372528129
766881843122503680
765967105352941569
767953058644803584
766447982079082496
765945572211523584
765945018559168512
766432818835439616
769323343297069056
766751521347158016
770873111676682240
771412833052311552
767240592206987264
766443407343337472
765945169988272128
767947821204881408
765945860451368960
771407286050619392
767917309924950016
767201613939163136
766065624375066624
770861840565665792
766428251456405504
770863198747426816
767220437424996352
766522669375127552
766771705666519040
766769430605824001
770864918514876416
767955857524834304
770872000708263936
766756714985947136
767240211031900160
765945363884621824
767954593852375040
766770724555931648
766428425793798144
767082754735243264
766523084281987072
765979154313248768
766754339223158784
767113555624509440
767650938308771840
770869992150417409
771141728446169088
765965078908518400
766431122997542912
774301147124105216
766423532449284096
771433576285798400
771393552584458240
767949676402114560
766949951228067840
765332558454095872
766763522780774400
771144317490315264
767510538652696576
766441865162719232
766757583286616064
765945239266623488
766437133801193472
774939990499246080
766267604032765952
767241637028085760
767947880563720192
765978095402500096
765945159969079296
765945115635236864
767245149775527936
767939985258283008
765965929241886720
769959745729806336
770867299900145664
766756967312130048
771382026498703360
770877760654786560
767674122631331840
767222240635977728
767145763688103936
770865746270093312
771420476055732224
765945758576001024
767966645500166144
766750838625632256
767960181121351680
774995451726495744
764868032557367296
771381815707582464
767947810510438400
774684993233584128
765955275569135616
766762286887092224
771384018621120512
766754470445088768
766422378260643840
771138437997887489
765981514988240896
766967942351077376
765887930241794048
767958284054446081
767239904054951936
765958382183202816
767948009748201472
770862311966687232
767238416230416385
766432776043085824
768878890246668288
767926921283715072
765965908934017024
771419044009099265
765959140992499712
767961367147905025
767959252242448384
766437985331937280
767238343028244480
770667790434713600
767138030123368448
771427538599837696
770684451578609664
767229481922560000
765973429775187968
766754283281645568
766065630530224128
771420674356084736
767968574852726784
767229485350305792
767220755691896832
766754396266807296
767965289811984384
775025464217632768
766749484377145344
767956727321755648
766761611198332928
766892945692639232
767207915716313088
766431474275811328
767145157275598848
766757834680680448
766699495082901504
767946948144709632
765950121000173568
767190099553386496
765945140201340928
767959889478828032
766583276343361536
766432798440620032
767141936867033088
767947989713092608
766614741335539712
767232651033755648
767950221563068416
767951247855812608
770864944829923328
771416982813868032
767963311633530880
767954816651739136
766686849285701632
765945664556482560
766437709597294592
767212426569662464
767034845071327232
765972063595954176
765957320999108608
766441885825941504
767605611018010624
767937858844704768
766065608607531008
765945859722641408
771393535581863936
766583217216225280
766340655984394240
766425741067943936
765966574139129856
767067148357140480
765945274388594688
770869982832820224
767947996755263488
767963699656916993
766145274470187008
765246356849885184
766850721278722048
767963967272435712
765945120750288896
771406361765478400
766022293558362112
767949872620077056
766754354581618689
765963390301667328
774991665873272832
765954455743102976
771222102716153857
765959875585064960
769119707340193792
765356180259422208
774940026649919488
767948221228171264
767226275085582336
767947979865849856
767961354010296320
766754311903608832
767058313175269377
766761663491915776
771380883945029632
766757083114881024
771421267391873024
768137091283632128
767953172327235584
767286127252111360
766754403774562304
766433695094734848
774650769722015744
767949300238106624
773862305933950976
767020258108293120
767696369816338432
771355205339103232
769328586468589568
771129627411382272
771410567139328000
765957484102008832
775025372193488896
766771155663257600
765945149080698880
765334759368998912
767956909914521600
767947941872812032
767136036344217600
767968174839840768
767964634263306240
771423152378134529
765945207918297088
767073621317386240
767953182374658048
774948686262321152
767947868647653376
767962592955269120
767947984002564096
767234035607060480
765945100835618816
765871255463313408
770875998845681664
771447484267560960
765945194254417920
774021957539790848
766759392947404800
771035497677144064
767044581368922112
763757282817425408
767021204747010048
765945382737969152
767153107081854976
765945174093381632
770864397389299712
765945526864723968
765966045270966272
766442252689096704
771667992364908544
767249286082740224
771414122579607552
766437120071057409
767959226641432576
765945131530682368
770860608245694465
774654375892254720
771320503355965440
771417761072201729
767949799242743808
767967578753826816
766388564547321856
774269398455320576
775027638962176000
771389575460421632
766759545622134784
765945343940722688
766961098966679553
765945068169379840
767120042169106432
771398518058483712
771396136790540288
766760622233944064
769596474537443328
767102797643759616
766689993493266432
767161529643810816
770872512306462720
766433680510025728
771399348506525697
770710174643126272
767958789787877376
767948571031093248
770779526355730432
767150461734305792
766600404450623488
766750263464919040
766763549269934080
774132456907554816
770862317521059840
767959713759526912
767256140418531328
767232112833232896
767962013070721024
765967295547850752
766450285819396096
771419474924584960
767969532029665280
769953132711116800
771427634842353664
768077659269922816
770039288327962624
767961120061472768
767956801959428096
765950418332319744
766402562795683840
767152240164257792
767587402450714624
765945610912382976
767153395472695296
765945233481547776
767956763752431616
767961212790177792
766759294065639424
766934309222465536
765968065616904192
770872943405383680
766197485881507840
770867293761716224
766061860645666816
766057855584452608
767948026482475008
770861205689679872
767251119764373504
767964638049632256
771374653528768512
766750196498677760
767168158571331584
775004429420232704
766421159288963073
767948005893701632
766760960214138880
767965106658230272
769853787933409280
766766110102175744
767964501212561408
767025470940348416
774229735959035905
766759864051597312
767237498269220864
770867477319122944
766970038140960768
766668279168335872
767919268247617536
765945653634449408
765967595605245953
767774714645069824
767223402958372864
764166666781442048
767665331017793536
765782970943619072
767969580025020416
766429666710061056
767189521067622400
773915988160806912
770862288426172416
765945412753457152
767947813115002880
766239083873878016
767236797280501761
767531973028823040
767962723099312128
770860802373828608
770864433402642432
765954287191900160
771393732830478336
765957180605235200
766591243618795520
766200219444690944
769807044248256512
767426383995715584
765957614387494912
771396229099847680
767242654159355904
765945424273080320
767958110887460864
766757989959024640
767831788712329216
771136736659177472
766426973760323584
767212494092746752
765952982817914880
767322415265153024
770863375016181760
764710097463230464
767963337191473152
767296542120050688
766450999328112640
770860776062959616
767960071563018240
770876044968394752
767407087114469376
766449599723569152
765966345477226496
767148060029714433
766255582632083456
766160169390522368
768425623387537408
766430984200732672
771426975125569536
770864452357767168
765954632639037440
767148369386881024
766792903649640448
766433593699500032
767225525895872512
766970022457475072
770874977243283456
771405733471436800
767958796753682432
774290206305255424
766157198772551680
772864817036984320
770871044436377600
765604615187300352
765944974036664320
770518402641117184
766824679534149632
770866918037028864
766770981570330624
767947892971503616
767298005224308736
766441592435474432
767336587879137280
767950624863158272
765971730626920448
771212111270559744
767394733793378304
769213433305497600
765967171392274432
766432793746128896
769934279968948224
767958515497205760
767232561486462976
767210971458666496
766242533623889920
765706767671885824
765945268190478336
770864740683612160
770864952895488001
766425684368408576
771408978324357120
766441818658340864
767229959140966400
770866942156439552
767204319848284160
766752104356380672
771405581265387520
771144989368582144
766940495567011840
767119150141374464
767950494615371776
767157662639177728
766756733991403520
770460018171641856
765963266397765632
765671634800656384
765951839913099264
767958299729690624
767327660355584000
765945356442877952
765945280408485888
769689457154818048
771406018408267776
765493609645719552
767947889618173952
767947983352430592
766432785362812928
765962237186883584
766765407959973888
755547343302033408
766760053035450368
767313217067286528
767948212087799808
766694893438615552
767147979048206336
765945295195504640
765965131065720832
766754302931992576
766439000005345280
766432853735161856
765945417794994177
770870042641481728
770864338674352128
769806724924342272
767240042851745792
767916682950868992
767962832844292096
767239356499083264
767605384554872833
763696813796655105
771320729133301760
766432931953639424
766757278833639424
766753043748438016
767878909573349376
766698113654243328
766435436761661440
766325994932125696
766756580921344000
766754274813345792
765945449038430208
771320527552954368
767144277319073792
766754256576561152
766569177887670272
766439400187002882
767161589157789696
771435914990895104
770864305352605696
767235622848086017
767927852952895488
767133497363152896
767231606578724864
765944960539344896
766526886756122624
766317143898963968
767148390253559808
767947858784763904
766709865386328065